00000000000000000000000000000000000000000000000000000000000000000000000000000000000000000000000
00000000000000000000000000000000000000000000000000000000000000000000000000000000000000000000000
00000000000000000000000000000000000000000000000000000000000000000000000000000000000000000000000
00000000000000000000000000000000000000000000000000000000000000000000000000000000000000000000000
00000000000000000000000000000000000000000000000000000000000000000000000000000000000000000000000
00000000000000000000000000000000000000000000000000000000000000000000000000000000000000000000000
00000000000000000000000000000000000000000000000000000000000000000000000000000000000000000000000
00000000000000000000000000000000000000000000000000000000000000000000000000000000000000000000000
00000000000000000000000000000000000000000000000000000000000000000000000000000000000000000000000
00000000000000000000000000000000000000000000000000000000000000000000000000000000000000000000000
00000000000000000000000000000000000000000000000000000000000000000000000000000000000000000000000
00000000000000000000000000000000000000000000000000000000000000000000000000000000000000000000000
00000000000000000000000000000000000000000000000000000000000000000000000000000000000000000000000
00000000000000000000000000000000000000000000000000000000000000000000000000000000000000000000000
00000000000000000000000000000000000000000000000000000000000000000000000000000000000000000000000
00000000000000000000000000000000000000000000000000000000000000000000000000000000000000000000000
00000000000000000000000000000000000000000000000000000000000000000000000000000000000000000000000
00000000000000000000000000000000000000000000000000000000000000000000000000000000000000000000000
00000000000000000000000000000000011111111111111110000000000000000000000000000000000000000000000
00000000000000000000000000000011110000000000000000000000000000000000000000000000000000000000000
00000000000000000000000111111110000000000000000000000000000000000000000000000000000000000000000
00000000000000000000000111111110000000000000000000000000000000000000000000000000000000000000000
00000000000000000000000111111110000000000000000000000000000000000000000000000000000000000000000
00000000000000111110000000000010000000000000000000000000000000000000000000000000000000000000000
00000000000000111110000000000010000000000000000000000000000000000000000000000000000000000000000
00000000000000111110000000000010000000000000000000000000000000000000000000000000000000000000000
00000000000000111110000000000110000000000000000000000000000000000000000000000000000000000000000
00000000000000111110000000000100000000000000000000000000000000000000000000000000000000000000000
00000000000000000000000000000100000000000000000000000000000000000000000000000000000000000000000
00000000000000000000000000000100000000000000000000000000000000000000000000000000000000000000000
00000000000000000000001111111100000000000000000000000000000000000000000000000000000000000000000
00000000000000000000001111111100000000000000000000000000000000000000000000000000000000000000000
00000000000000000000001111111100000000000000000000000000000000000000000000000000000000000000000
00000000000000000000000000000100000000000000000000000000000000000000000000000000000000000000000
00000000000000000000000000000100000000000000000000000000000000000000000000000000000000000000000
00011111111111111100000000000100000000000000000000000000000000000000000000000000000000000000000
00011111111111111100000000000100000000000000000000000000000000000000000000000000000000000000000
00011111111111111100000000000100000000000000000000000000000000000000000000000000000000000000000
00000000000000000000000000000100000000000000000000000000000000000000000000000000000000000000000
00000000000000000000000000000100000000000000000000000000000000000000000000000000000000000000000
00000000000000000000000000000100000000000000000000000000000000000000000000000000000000000000000
00000000000000000000000000000100000000000000000000000000000000000000000000000000000000000000000
00000000000000001111111000000100000000000000000000000000000000000000000000000000000000000000000
00000000000000001111111000000100000000000000000000000000000000000000000000000000000000000000000
00000000000000001111111000000100000000000000000000000000000000000000000000000000000000000000000
00000000000000001111111000000100000000000000000000000000000000000000000000000000000000000000000
00000000000000001111111000000100000000000000000000000000000000000000000000000000000000000000000
00000000000000001111111000000100000000000000000000000000000000000000000000000000000000000000000
11111111111110001111111000000100000000000000000000000000000000000000000000000000000000000000000
11111111111112222222222222222100000000000000000000000000000000000000000000000000000000000000000
11111111111112222222222222222100000000000000000000000000000000000000000000000000000000000000000
11111111111112222222222222222100000000000000000000000000000000000000000000000000000000000000000
11111111111112222222222222222100000000000000000000000000000000000000000000000000000000000000000
11111111111112222222222222222100000000000000000000000000000000000000000000000000000000000000000
